_viz_net_graph = nengo_gui.components.NetGraph()
_viz_progress = nengo_gui.components.Progress()
_viz_config[_viz_progress].x = 0
_viz_config[_viz_progress].y = 0
_viz_config[_viz_progress].width = 100
_viz_config[_viz_progress].height = 100
_viz_config[_viz_progress].label_visible = True
_viz_sim_control = nengo_gui.components.SimControl()
_viz_config[_viz_sim_control].shown_time = 0.5
_viz_config[_viz_sim_control].kept_time = 4.0
_viz_config[error_pes].pos=(0.6232876712328768, 0.09345794392523364)
_viz_config[error_pes].size=(0.0684931506849315, 0.04672897196261682)
_viz_config[error_rls].pos=(0.4076819217462239, 0.49827192994254393)
_viz_config[error_rls].size=(0.0684931506849315, 0.04672897196261682)
_viz_config[inhib].pos=(0.08904109589041095, 0.3644859813084112)
_viz_config[inhib].size=(0.0547945205479452, 0.037383177570093455)
_viz_config[inp].pos=(0.19376388849821377, 0.615368390985307)
_viz_config[inp].size=(0.0547945205479452, 0.037383177570093455)
_viz_config[model].pos=(0, 0)
_viz_config[model].size=(1, 1)
_viz_config[model].expanded=True
_viz_config[model].has_layout=True
_viz_config[post_pes].pos=(0.8972602739726027, 0.2289719626168224)
_viz_config[post_pes].size=(0.0684931506849315, 0.04672897196261682)
_viz_config[post_rls].pos=(0.8264183848555602, 0.6501542711454866)
_viz_config[post_rls].size=(0.0684931506849315, 0.04672897196261682)
_viz_config[pre].pos=(0.3626620910804196, 0.7567089500092957)
_viz_config[pre].size=(0.0684931506849315, 0.04672897196261682)
_viz_config[product].pos=(0.34931506849315064, 0.2289719626168224)
_viz_config[product].size=(0.0684931506849315, 0.04672897196261682)